{
 "cells": [
  {
   "cell_type": "code",
   "execution_count": 6,
   "metadata": {},
   "outputs": [
    {
     "name": "stdout",
     "output_type": "stream",
     "text": [
      "{'neg': 0.153, 'neu': 0.702, 'pos': 0.145, 'compound': -0.9235}\n",
      "{'neg': 0.102, 'neu': 0.804, 'pos': 0.095, 'compound': -0.7326}\n",
      "{'neg': 0.063, 'neu': 0.872, 'pos': 0.064, 'compound': -0.1466}\n",
      "{'neg': 0.057, 'neu': 0.879, 'pos': 0.064, 'compound': 0.1842}\n",
      "{'neg': 0.026, 'neu': 0.771, 'pos': 0.204, 'compound': 0.9953}\n",
      "{'neg': 0.095, 'neu': 0.803, 'pos': 0.103, 'compound': -0.3291}\n",
      "{'neg': 0.088, 'neu': 0.718, 'pos': 0.194, 'compound': 0.9942}\n",
      "{'neg': 0.122, 'neu': 0.817, 'pos': 0.062, 'compound': -0.9867}\n",
      "{'neg': 0.048, 'neu': 0.82, 'pos': 0.132, 'compound': 0.9882}\n",
      "{'neg': 0.141, 'neu': 0.765, 'pos': 0.095, 'compound': -0.9845}\n",
      "{'neg': 0.083, 'neu': 0.803, 'pos': 0.114, 'compound': 0.9093}\n",
      "{'neg': 0.127, 'neu': 0.744, 'pos': 0.129, 'compound': -0.4408}\n",
      "{'neg': 0.0, 'neu': 0.915, 'pos': 0.085, 'compound': 0.0772}\n",
      "{'neg': 0.157, 'neu': 0.597, 'pos': 0.246, 'compound': 0.9357}\n",
      "{'neg': 0.102, 'neu': 0.671, 'pos': 0.227, 'compound': 0.9988}\n",
      "{'neg': 0.11, 'neu': 0.777, 'pos': 0.113, 'compound': -0.6139}\n",
      "{'neg': 0.0, 'neu': 0.92, 'pos': 0.08, 'compound': 0.0772}\n",
      "{'neg': 0.0, 'neu': 0.755, 'pos': 0.245, 'compound': 0.9004}\n",
      "{'neg': 0.159, 'neu': 0.693, 'pos': 0.148, 'compound': -0.9799}\n",
      "{'neg': 0.09, 'neu': 0.648, 'pos': 0.262, 'compound': 0.999}\n",
      "{'neg': 0.162, 'neu': 0.796, 'pos': 0.042, 'compound': -0.9377}\n",
      "{'neg': 0.0, 'neu': 1.0, 'pos': 0.0, 'compound': 0.0}\n",
      "{'neg': 0.073, 'neu': 0.812, 'pos': 0.115, 'compound': 0.6725}\n",
      "{'neg': 0.305, 'neu': 0.596, 'pos': 0.098, 'compound': -0.9995}\n",
      "{'neg': 0.116, 'neu': 0.617, 'pos': 0.267, 'compound': 0.9136}\n",
      "{'neg': 0.138, 'neu': 0.764, 'pos': 0.099, 'compound': -0.9718}\n",
      "{'neg': 0.104, 'neu': 0.774, 'pos': 0.122, 'compound': -0.8256}\n",
      "{'neg': 0.11, 'neu': 0.723, 'pos': 0.167, 'compound': 0.9915}\n",
      "{'neg': 0.087, 'neu': 0.743, 'pos': 0.17, 'compound': 0.9949}\n",
      "{'neg': 0.09, 'neu': 0.74, 'pos': 0.17, 'compound': 0.9948}\n",
      "{'neg': 0.073, 'neu': 0.75, 'pos': 0.176, 'compound': 0.9975}\n",
      "{'neg': 0.07, 'neu': 0.786, 'pos': 0.143, 'compound': 0.9931}\n",
      "{'neg': 0.088, 'neu': 0.824, 'pos': 0.088, 'compound': -0.7137}\n",
      "{'neg': 0.136, 'neu': 0.779, 'pos': 0.084, 'compound': -0.9856}\n",
      "{'neg': 0.188, 'neu': 0.662, 'pos': 0.15, 'compound': -0.9857}\n",
      "{'neg': 0.134, 'neu': 0.799, 'pos': 0.067, 'compound': -0.9914}\n"
     ]
    }
   ],
   "source": [
    "from nltk.sentiment.vader import SentimentIntensityAnalyzer\n",
    "import nltk\n",
    "import pandas as pd\n",
    "\n",
    "\n",
    "def csvToDF(location):\n",
    "    df = pd.read_csv(location)\n",
    "    return df\n",
    "\n",
    "def cleanText(text):\n",
    "    # takes in text and returns text lowercase with only whitespace and alphanumeric characters\n",
    "    retText = ''\n",
    "    text = str(text)\n",
    "    try:\n",
    "        for ch in text.lower():\n",
    "            if ch.isalpha() or ch == ' ' or ch.isnumeric():\n",
    "                retText += ch\n",
    "    except:\n",
    "        print(text)\n",
    "        print(type(text))\n",
    "    return retText\n",
    "\n",
    "def sentAnal(csvList):\n",
    "    scoresList = []\n",
    "\n",
    "    for csv in csvList:\n",
    "        sent = SentimentIntensityAnalyzer()\n",
    "        tempList = []\n",
    "        currentDF = csvToDF(csv)\n",
    "        for row in currentDF[\"Lyrics\"]:   \n",
    "            print(sent.polarity_scores(cleanText(row)))\n",
    "        # tempList.extend([currentDF['Artist'], \n",
    "        #                 currentDF['Producer'], \n",
    "        #                 #currentDF['Album']],\n",
    "        #                 sent.polarity_scores(cleanText(currentDF['Lyrics']))])\n",
    "        # scoresList.append(tempList)\n",
    "    \n",
    "    # return scoresList\n",
    "    pass\n",
    "\n",
    "list = ['DataSets/MetroBoomin.csv']\n",
    "sentAnal(list)\n",
    "        \n",
    "\n",
    "\n"
   ]
  }
 ],
 "metadata": {
  "kernelspec": {
   "display_name": "Python 3 (ipykernel)",
   "language": "python",
   "name": "python3"
  },
  "language_info": {
   "codemirror_mode": {
    "name": "ipython",
    "version": 3
   },
   "file_extension": ".py",
   "mimetype": "text/x-python",
   "name": "python",
   "nbconvert_exporter": "python",
   "pygments_lexer": "ipython3",
   "version": "3.11.0"
  }
 },
 "nbformat": 4,
 "nbformat_minor": 2
}
